model:
  type: poly3
  log_area_mean: 7.545578941
  log_area_std: 0.484533009
  vx_coeffs: [-0.014914986, 0.021865097, 0.001206352, 0.736073914, 0.002087454, 0.002638658, 0.028632804, 0.000420786, 0.031805264, 0.005585800, -0.000245069, -0.007826377, -0.047685290, -0.011254317, -0.002604169, -0.047797955, 0.002349739, -0.011799959, 0.011375811, 0.025691567]
  vy_coeffs: [0.137011043, -0.099787504, 0.433419180, 0.057630404, -0.009759281, -0.073088205, -0.429007969, -0.036111441, -0.498297053, -0.162242071, 0.007781862, 0.139369160, 0.745712990, 0.457899000, 0.067782683, 0.735121805, 0.385257340, 0.166157247, -0.050033844, -0.330718660]
