model:
  type: poly3
  log_area_mean: 7.527591647
  log_area_std: 0.489638284
  vx_coeffs: [-0.015899776, 0.020614943, 0.002507976, 0.738665673, 0.002154881, 0.002997691, 0.033861942, 0.001355650, 0.033538853, 0.002880936, 0.000182411, -0.008146403, -0.044102209, -0.013805114, -0.003099356, -0.049240369, -0.008331178, -0.014295131, 0.008207735, 0.025639903]
  vy_coeffs: [0.142139680, -0.090958414, 0.426322669, 0.040794567, -0.010734849, -0.083228961, -0.478318655, -0.047682286, -0.526267630, -0.150825695, 0.005154379, 0.142415983, 0.725860865, 0.480465573, 0.072663284, 0.748374241, 0.466028391, 0.181129669, -0.031681314, -0.337629509]
