model:
  type: poly3
  log_area_mean: 7.538365602
  log_area_std: 0.486384910
  vx_coeffs: [-0.015302919, 0.021518861, 0.001170918, 0.736132853, 0.002066270, 0.002817434, 0.030357943, 0.000338359, 0.032131077, 0.005468112, -0.000146335, -0.008000317, -0.047418643, -0.010278179, -0.002660908, -0.048385066, 0.003662241, -0.011969622, 0.009793554, 0.024893472]
  vy_coeffs: [0.139139422, -0.097497008, 0.434531048, 0.055986597, -0.009952688, -0.077476137, -0.445743611, -0.037855383, -0.507599931, -0.164513249, 0.007251106, 0.140789612, 0.745697219, 0.454288661, 0.068686505, 0.739458708, 0.380939680, 0.166839609, -0.043438862, -0.324270725]
