model:
  type: poly3
  log_area_mean: 7.363765100
  log_area_std: 0.467392704
  vx_coeffs: [-0.017285580, 0.036828527, 0.037870839, 0.784922995, -0.009310044, 0.000500223, 0.058805803, -0.004776357, 0.034978752, -0.016369246, -0.018664382, -0.013246024, -0.011557919, -0.112601741, -0.014836047, -0.085585082, -0.351045842, -0.017131738, -0.145261556, -0.015894350]
  vy_coeffs: [0.115384047, -0.131611728, -0.273888381, -0.566874870, 0.032304320, 0.002700302, -0.491855928, 0.082705784, -0.495749263, 0.269220972, 0.075961291, 0.251841299, 0.351795048, 3.054199543, 0.109254937, 1.758214466, 6.208749135, 0.374978205, 2.787970235, 0.408568706]
